  0   0   0   0   0   0   0   0   0   0   0   0   0   0   0   0
  0   0   0   0   0   0   0   0   0   0   0   0   0   0   0   0
  0   0   0   0   0   0   0   0   0   0   0   0   0   0   0   0
  0   0   0 255 255 255 255 255 255 255 255 255 255   0   0   0
  0   0   0 255 255 255 255 255 255 255 255 255 255   0   0   0
  0   0   0 255 255 255 255 255 255 255 255   0   0   0   0   0
  0   0   0 255 255 255 255 255 255 255 255   0   0   0   0   0
  0   0   0 255 255 255 255 255 255 255 255   0   0   0   0   0
  0   0   0 255 255 255 255 255   0   0   0 255 255   0   0   0
  0   0   0 255 255 255 255 255   0   0   0 255 255   0   0   0
  0   0   0 255 255 255 255 255   0   0   0 255 255   0   0   0
  0   0   0 255 255   0   0   0 255 255 255   0   0   0   0   0
  0   0   0 255 255   0   0   0 255 255 255   0   0   0   0   0
  0   0   0   0   0   0   0   0   0   0   0   0   0   0   0   0
  0   0   0   0   0   0   0   0   0   0   0   0   0   0   0   0
  0   0   0   0   0   0   0   0   0   0   0   0   0   0   0   0
  0   0   0   0   0   0   0   0   0   0   0   0   0   0   0   0
  0   0   0   0   0   0   0   0   0   0   0   0   0   0   0   0
  0   0   0   0   0   0   0   0   0   0   0   0   0   0   0   0
  0   0   0 255 255 255 255 255 255 255 255 255 255   0   0   0
  0   0   0 255 255 255 255 255 255 255 255 255 255   0   0   0
  0   0   0 255 255 255 255 255 255 255 255   0   0   0   0   0
  0   0   0 255 255 255 255 255 255 255 255   0   0   0   0   0
  0   0   0 255 255 255 255 255 255 255 255   0   0   0   0   0
  0   0   0 255 255 255 255 255   0   0   0 255 255   0   0   0
  0   0   0 255 255 255 255 255   0   0   0 255 255   0   0   0
  0   0   0 255 255 255 255 255   0   0   0 255 255   0   0   0
  0   0   0 255 255   0   0   0 255 255 255   0   0   0   0   0
  0   0   0 255 255   0   0   0 255 255 255   0   0   0   0   0
  0   0   0   0   0   0   0   0   0   0   0   0   0   0   0   0
  0   0   0   0   0   0   0   0   0   0   0   0   0   0   0   0
  0   0   0   0   0   0   0   0   0   0   0   0   0   0   0   0
  0   0   0   0   0   0   0   0   0   0   0   0   0   0   0   0
  0   0   0   0   0   0   0   0   0   0   0   0   0   0   0   0
  0   0   0   0   0   0   0   0   0   0   0   0   0   0   0   0
  0   0   0 255 255 255 255 255 255 255 255 255 255   0   0   0
  0   0   0 255 255 255 255 255 255 255 255 255 255   0   0   0
  0   0   0 255 255 255 255 255 255 255 255   0   0   0   0   0
  0   0   0 255 255 255 255 255 255 255 255   0   0   0   0   0
  0   0   0 255 255 255 255 255 255 255 255   0   0   0   0   0
  0   0   0 255 255 255 255 255   0   0   0 255 255   0   0   0
  0   0   0 255 255 255 255 255   0   0   0 255 255   0   0   0
  0   0   0 255 255 255 255 255   0   0   0 255 255   0   0   0
  0   0   0 255 255   0   0   0 255 255 255   0   0   0   0   0
  0   0   0 255 255   0   0   0 255 255 255   0   0   0   0   0
  0   0   0   0   0   0   0   0   0   0   0   0   0   0   0   0
  0   0   0   0   0   0   0   0   0   0   0   0   0   0   0   0
  0   0   0   0   0   0   0   0   0   0   0   0   0   0   0   0

  0   0   0   0   0   0   0   0   0   0   0   0   0   0   0   0
  0   0   0   0   0   0   0   0   0   0   0   0   0   0   0   0
  0   0   0   0   0   0   0   0   0   0   0   0   0   0   0   0
  0   0   0 255 255   0   0   0 255 255 255   0   0   0   0   0
  0   0   0 255 255   0   0   0 255 255 255   0   0   0   0   0
  0   0   0 255 255 255 255 255   0   0   0 255 255   0   0   0
  0   0   0 255 255 255 255 255   0   0   0 255 255   0   0   0
  0   0   0 255 255 255 255 255   0   0   0 255 255   0   0   0
  0   0   0 255 255 255 255 255 255 255 255   0   0   0   0   0
  0   0   0 255 255 255 255 255 255 255 255   0   0   0   0   0
  0   0   0 255 255 255 255 255 255 255 255   0   0   0   0   0
  0   0   0 255 255 255 255 255 255 255 255 255 255   0   0   0
  0   0   0 255 255 255 255 255 255 255 255 255 255   0   0   0
  0   0   0   0   0   0   0   0   0   0   0   0   0   0   0   0
  0   0   0   0   0   0   0   0   0   0   0   0   0   0   0   0
  0   0   0   0   0   0   0   0   0   0   0   0   0   0   0   0
  0   0   0   0   0   0   0   0   0   0   0   0   0   0   0   0
  0   0   0   0   0   0   0   0   0   0   0   0   0   0   0   0
  0   0   0   0   0   0   0   0   0   0   0   0   0   0   0   0
  0   0   0 255 255   0   0   0 255 255 255   0   0   0   0   0
  0   0   0 255 255   0   0   0 255 255 255   0   0   0   0   0
  0   0   0 255 255 255 255 255   0   0   0 255 255   0   0   0
  0   0   0 255 255 255 255 255   0   0   0 255 255   0   0   0
  0   0   0 255 255 255 255 255   0   0   0 255 255   0   0   0
  0   0   0 255 255 255 255 255 255 255 255   0   0   0   0   0
  0   0   0 255 255 255 255 255 255 255 255   0   0   0   0   0
  0   0   0 255 255 255 255 255 255 255 255   0   0   0   0   0
  0   0   0 255 255 255 255 255 255 255 255 255 255   0   0   0
  0   0   0 255 255 255 255 255 255 255 255 255 255   0   0   0
  0   0   0   0   0   0   0   0   0   0   0   0   0   0   0   0
  0   0   0   0   0   0   0   0   0   0   0   0   0   0   0   0
  0   0   0   0   0   0   0   0   0   0   0   0   0   0   0   0
  0   0   0   0   0   0   0   0   0   0   0   0   0   0   0   0
  0   0   0   0   0   0   0   0   0   0   0   0   0   0   0   0
  0   0   0   0   0   0   0   0   0   0   0   0   0   0   0   0
  0   0   0 255 255   0   0   0 255 255 255   0   0   0   0   0
  0   0   0 255 255   0   0   0 255 255 255   0   0   0   0   0
  0   0   0 255 255 255 255 255   0   0   0 255 255   0   0   0
  0   0   0 255 255 255 255 255   0   0   0 255 255   0   0   0
  0   0   0 255 255 255 255 255   0   0   0 255 255   0   0   0
  0   0   0 255 255 255 255 255 255 255 255   0   0   0   0   0
  0   0   0 255 255 255 255 255 255 255 255   0   0   0   0   0
  0   0   0 255 255 255 255 255 255 255 255   0   0   0   0   0
  0   0   0 255 255 255 255 255 255 255 255 255 255   0   0   0
  0   0   0 255 255 255 255 255 255 255 255 255 255   0   0   0
  0   0   0   0   0   0   0   0   0   0   0   0   0   0   0   0
  0   0   0   0   0   0   0   0   0   0   0   0   0   0   0   0
  0   0   0   0   0   0   0   0   0   0   0   0   0   0   0   0

  0   0   0   0   0   0   0   0   0   0   0   0   0   0   0   0
  0   0   0   0   0   5   5   4   1   0   1   5   5   2   0   0
  0   0   0   0   0 110 135 105  25   0  26 135 134  63   2   0
  0   0   0   0   0 207 253 198  47   0  49 253 252 119   4   0
  0   0   0   0   0 209 255 199  48   0  49 255 253 120   4   0
  0   5 110 207 209  76  45  81 178 209 217 255 253 120   4   0
  0   5 135 253 255  45   0  55 207 255 255 255 253 120   4   0
  0   4 105 198 199  81  55  99 217 255 255 255 253 120   4   0
  0   1  25  47  48 178 207 217 246 255 255 255 253 120   4   0
  0   0   0   0   0 209 255 255 255 255 255 255 253 120   4   0
  0   1  26  49  49 217 255 255 255 255 255 255 253 120   4   0
  0   5 135 253 255 255 255 255 255 255 255 255 253 120   4   0
  0   5 134 252 253 253 253 253 253 253 253 253 251 119   4   0
  0   2  63 119 120 120 120 120 120 120 120 120 119  56   2   0
  0   0   2   4   4   4   4   4   4   4   4   4   4   2   0   0
  0   0   0   0   0   0   0   0   0   0   0   0   0   0   0   0
  0   0   0   0   0   0   0   0   0   0   0   0   0   0   0   0
  0   0   0   0   0   5   5   4   1   0   1   5   5   2   0   0
  0   0   0   0   0 110 135 105  25   0  26 135 134  63   2   0
  0   0   0   0   0 207 253 198  47   0  49 253 252 119   4   0
  0   0   0   0   0 209 255 199  48   0  49 255 253 120   4   0
  0   5 110 207 209  76  45  81 178 209 217 255 253 120   4   0
  0   5 135 253 255  45   0  55 207 255 255 255 253 120   4   0
  0   4 105 198 199  81  55  99 217 255 255 255 253 120   4   0
  0   1  25  47  48 178 207 217 246 255 255 255 253 120   4   0
  0   0   0   0   0 209 255 255 255 255 255 255 253 120   4   0
  0   1  26  49  49 217 255 255 255 255 255 255 253 120   4   0
  0   5 135 253 255 255 255 255 255 255 255 255 253 120   4   0
  0   5 134 252 253 253 253 253 253 253 253 253 251 119   4   0
  0   2  63 119 120 120 120 120 120 120 120 120 119  56   2   0
  0   0   2   4   4   4   4   4   4   4   4   4   4   2   0   0
  0   0   0   0   0   0   0   0   0   0   0   0   0   0   0   0
  0   0   0   0   0   0   0   0   0   0   0   0   0   0   0   0
  0   0   0   0   0   5   5   4   1   0   1   5   5   2   0   0
  0   0   0   0   0 110 135 105  25   0  26 135 134  63   2   0
  0   0   0   0   0 207 253 198  47   0  49 253 252 119   4   0
  0   0   0   0   0 209 255 199  48   0  49 255 253 120   4   0
  0   5 110 207 209  76  45  81 178 209 217 255 253 120   4   0
  0   5 135 253 255  45   0  55 207 255 255 255 253 120   4   0
  0   4 105 198 199  81  55  99 217 255 255 255 253 120   4   0
  0   1  25  47  48 178 207 217 246 255 255 255 253 120   4   0
  0   0   0   0   0 209 255 255 255 255 255 255 253 120   4   0
  0   1  26  49  49 217 255 255 255 255 255 255 253 120   4   0
  0   5 135 253 255 255 255 255 255 255 255 255 253 120   4   0
  0   5 134 252 253 253 253 253 253 253 253 253 251 119   4   0
  0   2  63 119 120 120 120 120 120 120 120 120 119  56   2   0
  0   0   2   4   4   4   4   4   4   4   4   4   4   2   0   0
  0   0   0   0   0   0   0   0   0   0   0   0   0   0   0   0

  0   0   0   0   0   0   0   0   0   0   0   0   0   0   0   0
  0   0   3   5   5   5   5   5   5   5   5   5   5   3   0   0
  0   3  64 127 128 128 128 128 128 128 128 128 127  64   3   0
  0   5 127 252 254 254 254 254 254 254 254 254 252 127   5   0
  0   5 128 254 255 255 255 255 255 255 255 255 254 128   5   0
  0   1  24  47  47 216 255 255 255 255 255 255 254 128   5   0
  0   0   0   0   0 208 255 255 255 255 255 255 254 128   5   0
  0   1  26  52  52 175 203 214 244 255 255 255 254 128   5   0
  0   4 102 202 203  80  52  93 214 255 255 255 254 128   5   0
  0   5 128 254 255  47   0  52 203 255 255 255 254 128   5   0
  0   5 104 206 208  78  47  80 175 208 216 255 254 128   5   0
  0   0   0   0   0 208 255 203  52   0  47 255 254 128   5   0
  0   0   0   0   0 206 254 202  52   0  47 254 252 127   5   0
  0   0   0   0   0 104 128 102  26   0  24 128 127  64   3   0
  0   0   0   0   0   5   5   4   1   0   1   5   5   3   0   0
  0   0   0   0   0   0   0   0   0   0   0   0   0   0   0   0
  0   0   0   0   0   0   0   0   0   0   0   0   0   0   0   0
  0   0   3   5   5   5   5   5   5   5   5   5   5   3   0   0
  0   3  64 127 128 128 128 128 128 128 128 128 127  64   3   0
  0   5 127 252 254 254 254 254 254 254 254 254 252 127   5   0
  0   5 128 254 255 255 255 255 255 255 255 255 254 128   5   0
  0   1  24  47  47 216 255 255 255 255 255 255 254 128   5   0
  0   0   0   0   0 208 255 255 255 255 255 255 254 128   5   0
  0   1  26  52  52 175 203 214 244 255 255 255 254 128   5   0
  0   4 102 202 203  80  52  93 214 255 255 255 254 128   5   0
  0   5 128 254 255  47   0  52 203 255 255 255 254 128   5   0
  0   5 104 206 208  78  47  80 175 208 216 255 254 128   5   0
  0   0   0   0   0 208 255 203  52   0  47 255 254 128   5   0
  0   0   0   0   0 206 254 202  52   0  47 254 252 127   5   0
  0   0   0   0   0 104 128 102  26   0  24 128 127  64   3   0
  0   0   0   0   0   5   5   4   1   0   1   5   5   3   0   0
  0   0   0   0   0   0   0   0   0   0   0   0   0   0   0   0
  0   0   0   0   0   0   0   0   0   0   0   0   0   0   0   0
  0   0   3   5   5   5   5   5   5   5   5   5   5   3   0   0
  0   3  64 127 128 128 128 128 128 128 128 128 127  64   3   0
  0   5 127 252 254 254 254 254 254 254 254 254 252 127   5   0
  0   5 128 254 255 255 255 255 255 255 255 255 254 128   5   0
  0   1  24  47  47 216 255 255 255 255 255 255 254 128   5   0
  0   0   0   0   0 208 255 255 255 255 255 255 254 128   5   0
  0   1  26  52  52 175 203 214 244 255 255 255 254 128   5   0
  0   4 102 202 203  80  52  93 214 255 255 255 254 128   5   0
  0   5 128 254 255  47   0  52 203 255 255 255 254 128   5   0
  0   5 104 206 208  78  47  80 175 208 216 255 254 128   5   0
  0   0   0   0   0 208 255 203  52   0  47 255 254 128   5   0
  0   0   0   0   0 206 254 202  52   0  47 254 252 127   5   0
  0   0   0   0   0 104 128 102  26   0  24 128 127  64   3   0
  0   0   0   0   0   5   5   4   1   0   1   5   5   3   0   0
  0   0   0   0   0   0   0   0   0   0   0   0   0   0   0   0
